# ZNDprofile for HEburn::LX-17.IG
# D = 7.5798
# t              xi            M             V             e             u             c             P             T             S             lambda        ddt_lambda
-1.319297e-02  1.000000e-01  2.528630e-01  5.249344e-01 -1.322456e-16  0.000000e+00  2.324942e+00  1.000000e-04  2.980561e+02  0.000000e+00  0.000000e+00  0.000000e+00
 0.000000e+00  0.000000e+00  0.000000e+00  5.249344e-01 -1.322456e-16  0.000000e+00  2.324942e+00  1.000000e-04  2.980561e+02  0.000000e+00  0.000000e+00  0.000000e+00
 0.000000e+00  0.000000e+00 -0.000000e+00  3.637183e-01  2.709533e+00  2.327882e+00  9.534501e+00  3.361357e+01  1.546309e+03  1.721206e-03  0.000000e+00  1.105414e+02
 6.291106e-05 -4.768530e-04 -1.310961e-03  3.637677e-01  2.707873e+00  2.327169e+00  9.463423e+00  3.360328e+01  1.549818e+03  1.804593e-03  1.000000e-02  1.097470e+02
 1.262908e-04 -9.572582e-04 -2.631508e-03  3.638178e-01  2.706189e+00  2.326445e+00  9.393884e+00  3.359282e+01  1.553368e+03  1.887973e-03  2.000000e-02  1.224711e+00
 4.731465e-03 -3.586354e-02 -9.856967e-02  3.638687e-01  2.704480e+00  2.325710e+00  9.325830e+00  3.358221e+01  1.556962e+03  1.971346e-03  3.000000e-02  1.823389e+00
 8.024404e-03 -6.082334e-02 -1.671607e-01  3.639203e-01  2.702745e+00  2.324964e+00  9.259206e+00  3.357144e+01  1.560599e+03  2.054712e-03  4.000000e-02  2.412890e+00
 1.059855e-02 -8.033482e-02 -2.207717e-01  3.639728e-01  2.700984e+00  2.324206e+00  9.193964e+00  3.356050e+01  1.564281e+03  2.138071e-03  5.000000e-02  2.993169e+00
 1.271835e-02 -9.640249e-02 -2.649138e-01  3.640261e-01  2.699196e+00  2.323437e+00  9.130054e+00  3.354939e+01  1.568009e+03  2.221423e-03  6.000000e-02  3.564179e+00
 1.452488e-02 -1.100956e-01 -3.025269e-01  3.640802e-01  2.697380e+00  2.322655e+00  9.067432e+00  3.353811e+01  1.571783e+03  2.304767e-03  7.000000e-02  4.125874e+00
 1.610236e-02 -1.220526e-01 -3.353660e-01  3.641352e-01  2.695537e+00  2.321862e+00  9.006054e+00  3.352664e+01  1.575604e+03  2.388104e-03  8.000000e-02  4.678206e+00
 1.750512e-02 -1.326852e-01 -3.645634e-01  3.641911e-01  2.693664e+00  2.321055e+00  8.945878e+00  3.351500e+01  1.579473e+03  2.471434e-03  9.000000e-02  5.221126e+00
 1.877024e-02 -1.422746e-01 -3.908921e-01  3.642478e-01  2.691762e+00  2.320235e+00  8.886865e+00  3.350316e+01  1.583391e+03  2.554756e-03  1.000000e-01  5.754586e+00
 1.992422e-02 -1.510215e-01 -4.149038e-01  3.643055e-01  2.689830e+00  2.319403e+00  8.828977e+00  3.349114e+01  1.587359e+03  2.638070e-03  1.100000e-01  6.278535e+00
 2.098658e-02 -1.590740e-01 -4.370057e-01  3.643641e-01  2.687867e+00  2.318556e+00  8.772177e+00  3.347891e+01  1.591378e+03  2.721376e-03  1.200000e-01  6.792922e+00
 2.197218e-02 -1.665446e-01 -4.575073e-01  3.644237e-01  2.685872e+00  2.317696e+00  8.716432e+00  3.346649e+01  1.595449e+03  2.804674e-03  1.300000e-01  7.297695e+00
 2.289257e-02 -1.735210e-01 -4.766494e-01  3.644843e-01  2.683845e+00  2.316821e+00  8.661707e+00  3.345386e+01  1.599572e+03  2.887964e-03  1.400000e-01  7.792801e+00
 2.375691e-02 -1.800725e-01 -4.946227e-01  3.645459e-01  2.681785e+00  2.315931e+00  8.607973e+00  3.344101e+01  1.603750e+03  2.971246e-03  1.500000e-01  8.278187e+00
 2.457259e-02 -1.862552e-01 -5.115812e-01  3.646085e-01  2.679690e+00  2.315027e+00  8.555197e+00  3.342795e+01  1.607982e+03  3.054520e-03  1.600000e-01  8.753797e+00
 2.534566e-02 -1.921149e-01 -5.276510e-01  3.646723e-01  2.677560e+00  2.314106e+00  8.503350e+00  3.341466e+01  1.612271e+03  3.137785e-03  1.700000e-01  9.219575e+00
 2.608113e-02 -1.976896e-01 -5.429366e-01  3.647371e-01  2.675395e+00  2.313170e+00  8.452406e+00  3.340115e+01  1.616616e+03  3.221042e-03  1.800000e-01  9.675464e+00
 2.678321e-02 -2.030112e-01 -5.575255e-01  3.648030e-01  2.673192e+00  2.312218e+00  8.402337e+00  3.338740e+01  1.621020e+03  3.304290e-03  1.900000e-01  1.012141e+01
 2.745545e-02 -2.081067e-01 -5.714919e-01  3.648702e-01  2.670952e+00  2.311249e+00  8.353117e+00  3.337340e+01  1.625484e+03  3.387529e-03  2.000000e-01  1.055734e+01
 2.810091e-02 -2.129992e-01 -5.848995e-01  3.649385e-01  2.668673e+00  2.310263e+00  8.304722e+00  3.335916e+01  1.630008e+03  3.470759e-03  2.100000e-01  1.098322e+01
 2.872221e-02 -2.177085e-01 -5.978027e-01  3.650080e-01  2.666354e+00  2.309259e+00  8.257128e+00  3.334466e+01  1.634594e+03  3.553981e-03  2.200000e-01  1.139896e+01
 2.932163e-02 -2.222519e-01 -6.102490e-01  3.650788e-01  2.663993e+00  2.308236e+00  8.210311e+00  3.332990e+01  1.639243e+03  3.637193e-03  2.300000e-01  1.180451e+01
 2.990115e-02 -2.266446e-01 -6.222800e-01  3.651509e-01  2.661591e+00  2.307195e+00  8.164250e+00  3.331487e+01  1.643957e+03  3.720395e-03  2.400000e-01  1.219981e+01
 3.046254e-02 -2.308998e-01 -6.339321e-01  3.652243e-01  2.659146e+00  2.306135e+00  8.118925e+00  3.329956e+01  1.648736e+03  3.803588e-03  2.500000e-01  1.258478e+01
 3.100734e-02 -2.350293e-01 -6.452377e-01  3.652991e-01  2.656656e+00  2.305055e+00  8.074313e+00  3.328397e+01  1.653583e+03  3.886772e-03  2.600000e-01  1.295937e+01
 3.153694e-02 -2.390436e-01 -6.562255e-01  3.653753e-01  2.654120e+00  2.303955e+00  8.030396e+00  3.326808e+01  1.658498e+03  3.969946e-03  2.700000e-01  1.332350e+01
 3.205256e-02 -2.429519e-01 -6.669211e-01  3.654530e-01  2.651538e+00  2.302834e+00  7.987154e+00  3.325189e+01  1.663484e+03  4.053110e-03  2.800000e-01  1.367711e+01
 3.255532e-02 -2.467627e-01 -6.773476e-01  3.655321e-01  2.648907e+00  2.301691e+00  7.944570e+00  3.323539e+01  1.668541e+03  4.136264e-03  2.900000e-01  1.402012e+01
 3.304622e-02 -2.504836e-01 -6.875259e-01  3.656128e-01  2.646226e+00  2.300526e+00  7.902626e+00  3.321857e+01  1.673671e+03  4.219407e-03  3.000000e-01  1.435245e+01
 3.352617e-02 -2.541215e-01 -6.974749e-01  3.656950e-01  2.643494e+00  2.299338e+00  7.861304e+00  3.320142e+01  1.678877e+03  4.302540e-03  3.100000e-01  1.467405e+01
 3.399598e-02 -2.576826e-01 -7.072117e-01  3.657790e-01  2.640709e+00  2.298126e+00  7.820588e+00  3.318392e+01  1.684158e+03  4.385663e-03  3.200000e-01  1.498482e+01
 3.445643e-02 -2.611727e-01 -7.167521e-01  3.658645e-01  2.637869e+00  2.296891e+00  7.780462e+00  3.316608e+01  1.689518e+03  4.468775e-03  3.300000e-01  1.528469e+01
 3.490819e-02 -2.645970e-01 -7.261104e-01  3.659519e-01  2.634974e+00  2.295630e+00  7.740910e+00  3.314787e+01  1.694957e+03  4.551876e-03  3.400000e-01  1.557359e+01
 3.535192e-02 -2.679603e-01 -7.352999e-01  3.660410e-01  2.632020e+00  2.294343e+00  7.701919e+00  3.312929e+01  1.700478e+03  4.634966e-03  3.500000e-01  1.585142e+01
 3.578819e-02 -2.712671e-01 -7.443329e-01  3.661320e-01  2.629008e+00  2.293029e+00  7.663472e+00  3.311032e+01  1.706083e+03  4.718045e-03  3.600000e-01  1.611811e+01
 3.621755e-02 -2.745217e-01 -7.532207e-01  3.662248e-01  2.625933e+00  2.291688e+00  7.625557e+00  3.309095e+01  1.711773e+03  4.801112e-03  3.700000e-01  1.637356e+01
 3.664053e-02 -2.777277e-01 -7.619739e-01  3.663197e-01  2.622795e+00  2.290318e+00  7.588159e+00  3.307118e+01  1.717550e+03  4.884168e-03  3.800000e-01  1.661770e+01
 3.705758e-02 -2.808889e-01 -7.706024e-01  3.664166e-01  2.619592e+00  2.288919e+00  7.551265e+00  3.305098e+01  1.723416e+03  4.967212e-03  3.900000e-01  1.685043e+01
 3.746916e-02 -2.840086e-01 -7.791153e-01  3.665156e-01  2.616321e+00  2.287490e+00  7.514863e+00  3.303033e+01  1.729374e+03  5.050244e-03  4.000000e-01  1.707165e+01
 3.787570e-02 -2.870900e-01 -7.875215e-01  3.666168e-01  2.612980e+00  2.286029e+00  7.478941e+00  3.300924e+01  1.735426e+03  5.133264e-03  4.100000e-01  1.728128e+01
 3.827757e-02 -2.901362e-01 -7.958291e-01  3.667202e-01  2.609566e+00  2.284535e+00  7.443485e+00  3.298767e+01  1.741573e+03  5.216272e-03  4.200000e-01  1.747921e+01
 3.867517e-02 -2.931499e-01 -8.040460e-01  3.668260e-01  2.606078e+00  2.283008e+00  7.408484e+00  3.296561e+01  1.747818e+03  5.299267e-03  4.300000e-01  1.766534e+01
 3.906885e-02 -2.961339e-01 -8.121795e-01  3.669342e-01  2.602512e+00  2.281445e+00  7.373927e+00  3.294305e+01  1.754163e+03  5.382249e-03  4.400000e-01  1.783958e+01
 3.945895e-02 -2.990908e-01 -8.202365e-01  3.670449e-01  2.598866e+00  2.279847e+00  7.339803e+00  3.291997e+01  1.760611e+03  5.465218e-03  4.500000e-01  1.800180e+01
 3.984579e-02 -3.020230e-01 -8.282240e-01  3.671582e-01  2.595138e+00  2.278211e+00  7.306100e+00  3.289635e+01  1.767164e+03  5.548174e-03  4.600000e-01  1.815192e+01
 4.022970e-02 -3.049329e-01 -8.361483e-01  3.672742e-01  2.591323e+00  2.276536e+00  7.272809e+00  3.287216e+01  1.773826e+03  5.631117e-03  4.700000e-01  1.828980e+01
 4.061097e-02 -3.078228e-01 -8.440157e-01  3.673930e-01  2.587419e+00  2.274820e+00  7.239918e+00  3.284739e+01  1.780597e+03  5.714046e-03  4.800000e-01  1.841535e+01
 4.098990e-02 -3.106951e-01 -8.518322e-01  3.675147e-01  2.583423e+00  2.273063e+00  7.207418e+00  3.282201e+01  1.787482e+03  5.796961e-03  4.900000e-01  1.852843e+01
 4.136678e-02 -3.135517e-01 -8.596039e-01  3.676395e-01  2.579330e+00  2.271262e+00  7.175298e+00  3.279600e+01  1.794483e+03  5.879862e-03  5.000000e-01  1.862892e+01
 4.174189e-02 -3.163950e-01 -8.673363e-01  3.677673e-01  2.575138e+00  2.269415e+00  7.143550e+00  3.276934e+01  1.801603e+03  5.962748e-03  5.100000e-01  1.871670e+01
 4.211550e-02 -3.192269e-01 -8.750352e-01  3.678985e-01  2.570842e+00  2.267521e+00  7.112163e+00  3.274200e+01  1.808844e+03  6.045620e-03  5.200000e-01  1.879163e+01
 4.248789e-02 -3.220495e-01 -8.827061e-01  3.680330e-01  2.566439e+00  2.265579e+00  7.081128e+00  3.271395e+01  1.816211e+03  6.128477e-03  5.300000e-01  1.885358e+01
 4.285933e-02 -3.248649e-01 -8.903546e-01  3.681711e-01  2.561923e+00  2.263585e+00  7.050435e+00  3.268515e+01  1.823706e+03  6.211319e-03  5.400000e-01  1.890240e+01
 4.323008e-02 -3.276751e-01 -8.979860e-01  3.683129e-01  2.557291e+00  2.261537e+00  7.020077e+00  3.265559e+01  1.831332e+03  6.294146e-03  5.500000e-01  1.893796e+01
 4.360041e-02 -3.304822e-01 -9.056059e-01  3.684586e-01  2.552537e+00  2.259434e+00  6.990043e+00  3.262522e+01  1.839094e+03  6.376956e-03  5.600000e-01  1.896010e+01
 4.397059e-02 -3.332880e-01 -9.132195e-01  3.686082e-01  2.547656e+00  2.257273e+00  6.960325e+00  3.259402e+01  1.846994e+03  6.459751e-03  5.700000e-01  1.896866e+01
 4.434088e-02 -3.360948e-01 -9.208324e-01  3.687621e-01  2.542644e+00  2.255051e+00  6.930915e+00  3.256194e+01  1.855037e+03  6.542530e-03  5.800000e-01  1.896349e+01
 4.471156e-02 -3.389045e-01 -9.284500e-01  3.689204e-01  2.537493e+00  2.252766e+00  6.901804e+00  3.252894e+01  1.863225e+03  6.625292e-03  5.900000e-01  1.894442e+01
 4.508292e-02 -3.417193e-01 -9.360782e-01  3.690832e-01  2.532198e+00  2.250414e+00  6.872982e+00  3.249498e+01  1.871564e+03  6.708037e-03  6.000000e-01  1.891126e+01
 4.545524e-02 -3.445414e-01 -9.437227e-01  3.692509e-01  2.526751e+00  2.247993e+00  6.844442e+00  3.246001e+01  1.880056e+03  6.790765e-03  6.100000e-01  1.886384e+01
 4.582881e-02 -3.473730e-01 -9.513893e-01  3.694237e-01  2.521147e+00  2.245498e+00  6.816175e+00  3.242399e+01  1.888707e+03  6.873476e-03  6.200000e-01  1.880196e+01
 4.620393e-02 -3.502164e-01 -9.590843e-01  3.696018e-01  2.515376e+00  2.242927e+00  6.788172e+00  3.238687e+01  1.897520e+03  6.956169e-03  6.300000e-01  1.872543e+01
 4.658093e-02 -3.530739e-01 -9.668138e-01  3.697854e-01  2.509432e+00  2.240275e+00  6.760426e+00  3.234858e+01  1.906500e+03  7.038844e-03  6.400000e-01  1.863403e+01
 4.696013e-02 -3.559482e-01 -9.745846e-01  3.699749e-01  2.503306e+00  2.237539e+00  6.732926e+00  3.230907e+01  1.915652e+03  7.121500e-03  6.500000e-01  1.852756e+01
 4.734186e-02 -3.588417e-01 -9.824033e-01  3.701706e-01  2.496987e+00  2.234713e+00  6.705665e+00  3.226826e+01  1.924981e+03  7.204138e-03  6.600000e-01  1.840578e+01
 4.772650e-02 -3.617571e-01 -9.902772e-01  3.703728e-01  2.490466e+00  2.231793e+00  6.678633e+00  3.222610e+01  1.934491e+03  7.286756e-03  6.700000e-01  1.826846e+01
 4.811443e-02 -3.646975e-01 -9.982140e-01  3.705819e-01  2.483733e+00  2.228774e+00  6.651823e+00  3.218251e+01  1.944187e+03  7.369355e-03  6.800000e-01  1.811534e+01
 4.850605e-02 -3.676659e-01 -1.006222e+00  3.707983e-01  2.476774e+00  2.225650e+00  6.625224e+00  3.213740e+01  1.954076e+03  7.451934e-03  6.900000e-01  1.794615e+01
 4.890197e-02 -3.706669e-01 -1.014313e+00  3.710223e-01  2.469578e+00  2.222414e+00  6.598827e+00  3.209068e+01  1.964162e+03  7.534493e-03  7.000000e-01  1.699771e+00
 5.309037e-02 -4.024141e-01 -1.099853e+00  3.712546e-01  2.462131e+00  2.219061e+00  6.572622e+00  3.204225e+01  1.974450e+03  7.617031e-03  7.100000e-01  1.675032e+00
 5.734684e-02 -4.346773e-01 -1.186728e+00  3.714955e-01  2.454417e+00  2.215582e+00  6.546600e+00  3.199202e+01  1.984948e+03  7.699549e-03  7.200000e-01  1.649028e+00
 6.167552e-02 -4.674879e-01 -1.275018e+00  3.717457e-01  2.446420e+00  2.211970e+00  6.520750e+00  3.193986e+01  1.995660e+03  7.782045e-03  7.300000e-01  1.621736e+00
 6.608250e-02 -5.008919e-01 -1.364844e+00  3.720057e-01  2.438122e+00  2.208215e+00  6.495062e+00  3.188565e+01  2.006594e+03  7.864519e-03  7.400000e-01  1.593130e+00
 7.057444e-02 -5.349398e-01 -1.456337e+00  3.722763e-01  2.429504e+00  2.204309e+00  6.469523e+00  3.182924e+01  2.017755e+03  7.946971e-03  7.500000e-01  1.563181e+00
 7.515871e-02 -5.696877e-01 -1.549640e+00  3.725581e-01  2.420542e+00  2.200239e+00  6.444121e+00  3.177048e+01  2.029150e+03  8.029400e-03  7.600000e-01  1.531858e+00
 7.984349e-02 -6.051973e-01 -1.644916e+00  3.728520e-01  2.411213e+00  2.195996e+00  6.418844e+00  3.170920e+01  2.040785e+03  8.111806e-03  7.700000e-01  1.499127e+00
 8.463788e-02 -6.415378e-01 -1.742342e+00  3.731589e-01  2.401491e+00  2.191564e+00  6.393678e+00  3.164521e+01  2.052668e+03  8.194189e-03  7.800000e-01  1.464948e+00
 8.955212e-02 -6.787868e-01 -1.842120e+00  3.734799e-01  2.391344e+00  2.186929e+00  6.368608e+00  3.157828e+01  2.064806e+03  8.276548e-03  7.900000e-01  1.429280e+00
 9.459774e-02 -7.170315e-01 -1.944475e+00  3.738161e-01  2.380740e+00  2.182075e+00  6.343617e+00  3.150819e+01  2.077205e+03  8.358883e-03  8.000000e-01  1.392075e+00
 9.978782e-02 -7.563713e-01 -2.049664e+00  3.741687e-01  2.369640e+00  2.176982e+00  6.318687e+00  3.143465e+01  2.089873e+03  8.441193e-03  8.100000e-01  1.353281e+00
 1.051373e-01 -7.969196e-01 -2.157979e+00  3.745394e-01  2.358002e+00  2.171629e+00  6.293798e+00  3.135736e+01  2.102817e+03  8.523477e-03  8.200000e-01  1.312839e+00
 1.106635e-01 -8.388070e-01 -2.269759e+00  3.749298e-01  2.345776e+00  2.165992e+00  6.268927e+00  3.127596e+01  2.116045e+03  8.605736e-03  8.300000e-01  1.270681e+00
 1.163864e-01 -8.821852e-01 -2.385392e+00  3.753419e-01  2.332905e+00  2.160042e+00  6.244050e+00  3.119005e+01  2.129562e+03  8.687969e-03  8.400000e-01  1.226732e+00
 1.223294e-01 -9.272321e-01 -2.505338e+00  3.757780e-01  2.319325e+00  2.153746e+00  6.219137e+00  3.109913e+01  2.143376e+03  8.770175e-03  8.500000e-01  1.180905e+00
 1.285204e-01 -9.741581e-01 -2.630139e+00  3.762406e-01  2.304959e+00  2.147065e+00  6.194155e+00  3.100267e+01  2.157494e+03  8.852354e-03  8.600000e-01  1.133100e+00
 1.349925e-01 -1.023216e+00 -2.760442e+00  3.767331e-01  2.289717e+00  2.139954e+00  6.169063e+00  3.089999e+01  2.171920e+03  8.934506e-03  8.700000e-01  1.083201e+00
 1.417862e-01 -1.074711e+00 -2.897036e+00  3.772592e-01  2.273489e+00  2.132358e+00  6.143815e+00  3.079030e+01  2.186659e+03  9.016630e-03  8.800000e-01  1.031072e+00
 1.489514e-01 -1.129021e+00 -3.040889e+00  3.778235e-01  2.256147e+00  2.124209e+00  6.118354e+00  3.067264e+01  2.201715e+03  9.098726e-03  8.900000e-01  9.765499e-01
 1.565504e-01 -1.186620e+00 -3.193215e+00  3.784318e-01  2.237528e+00  2.115426e+00  6.092610e+00  3.054581e+01  2.217088e+03  9.180793e-03  9.000000e-01  9.194385e-01
 1.646632e-01 -1.248113e+00 -3.355570e+00  3.790913e-01  2.217429e+00  2.105903e+00  6.066494e+00  3.040831e+01  2.232775e+03  9.262832e-03  9.100000e-01  8.594962e-01
 1.733951e-01 -1.314299e+00 -3.529995e+00  3.798112e-01  2.195591e+00  2.095508e+00  6.039892e+00  3.025821e+01  2.248769e+03  9.344842e-03  9.200000e-01  7.964196e-01
 1.828884e-01 -1.386257e+00 -3.719255e+00  3.806040e-01  2.171669e+00  2.084061e+00  6.012653e+00  3.009292e+01  2.265055e+03  9.426823e-03  9.300000e-01  7.298171e-01
 1.933441e-01 -1.465509e+00 -3.927241e+00  3.814865e-01  2.145191e+00  2.071317e+00  5.984566e+00  2.990890e+01  2.281605e+03  9.508776e-03  9.400000e-01  6.591661e-01
 2.050596e-01 -1.554310e+00 -4.159714e+00  3.824834e-01  2.115480e+00  2.056923e+00  5.955326e+00  2.970106e+01  2.298370e+03  9.590701e-03  9.500000e-01  5.837377e-01
 2.185076e-01 -1.656243e+00 -4.425819e+00  3.836322e-01  2.081496e+00  2.040334e+00  5.924463e+00  2.946153e+01  2.315267e+03  9.672598e-03  9.600000e-01  5.024530e-01
 2.345170e-01 -1.777591e+00 -4.741569e+00  3.849964e-01  2.041498e+00  2.020635e+00  5.891174e+00  2.917709e+01  2.332134e+03  9.754471e-03  9.700000e-01  4.135707e-01
 2.547917e-01 -1.931269e+00 -5.139854e+00  3.867001e-01  1.992092e+00  1.996035e+00  5.853878e+00  2.882187e+01  2.348637e+03  9.836321e-03  9.800000e-01  3.138689e-01
 2.840829e-01 -2.153290e+00 -5.712230e+00  3.890638e-01  1.924548e+00  1.961905e+00  5.808438e+00  2.832904e+01  2.363859e+03  9.918157e-03  9.900000e-01  1.956193e-01
 3.461549e-01 -2.623783e+00 -6.914606e+00  3.933351e-01  1.805449e+00  1.900229e+00  5.739915e+00  2.743848e+01  2.371794e+03  9.991815e-03  9.990000e-01  4.103566e-02
 3.757366e-01 -2.848007e+00 -7.483555e+00  3.947852e-01  1.765879e+00  1.879290e+00  5.719603e+00  2.713613e+01  2.369566e+03  9.999184e-03  9.999000e-01  8.741989e-03
 3.896052e-01 -2.953128e+00 -7.749661e+00  3.952557e-01  1.753135e+00  1.872497e+00  5.713269e+00  2.703804e+01  2.368369e+03  9.999921e-03  9.999900e-01  1.875269e-03
 3.960671e-01 -3.002108e+00 -7.873554e+00  3.954118e-01  1.748916e+00  1.870242e+00  5.711193e+00  2.700548e+01  2.367923e+03  9.999995e-03  9.999990e-01  4.032207e-04
